177
0 92
0 56
0 80
0 41
0 89
0 19
1 41
1 41
1 67
1 53
1 19
1 80
1 92
1 89
1 80
2 19
2 88
3 41 50
0 0
0 64
0 14
0 56
0 91
0 65
0 36
1 37
1 7
1 91
1 91
1 65
1 76
1 91
2 4
2 41
2 96
3 70 83
0 99
0 25
0 90
0 39
0 86
0 82
0 64
0 7
1 14
1 56
1 40
1 56
1 30
2 36
2 19
3 58 82
0 37
0 24
0 36
0 99
0 50
0 71
0 31
1 33
1 19
1 99
1 68
1 26
1 40
1 76
2 45
2 89
3 59 72
0 36
0 42
0 6
0 13
0 21
0 19
0 21
1 11
1 5
1 50
1 20
1 69
1 30
1 72
2 85
2 40
3 13 98
0 24
0 9
0 19
0 32
0 94
0 79
1 76
1 60
1 13
1 67
1 61
1 59
1 2
1 21
2 89
2 58
3 8 53
0 3
0 33
0 90
0 67
0 68
0 0
0 88
0 49
0 3
1 33
1 25
1 75
1 29
1 91
1 92
1 56
1 90
1 2
2 32
2 21
2 31
3 29 49
0 85
0 43
0 77
0 38
0 49
0 67
0 92
0 43
1 90
1 99
1 61
1 37
1 9
2 49
2 26
2 14
3 12 58
0 0
0 26
0 16
0 78
0 46
0 47
0 51
1 24
1 86
1 12
1 79
1 89
2 21
2 38
3 56 84
0 6
0 49
0 5
0 17
0 45
0 73
0 73
0 89
1 86
1 29
1 18
1 88
1 90
1 67
1 49
1 79
2 90
2 17
2 32
3 21 31
