1
2
3
4
5
6
1
1
0
0
1
1
1
1
1
41
6
7
8
8
9
10
11
0
0
1
1
1
0
1
80
11
12
13
14
15
16
16
17
1
1
0
1
0
64
65
80
82
17
18
19
19
20
21
22
0
0
1
0
0
0
0
64
65
71
21
22
23
24
25
26
26
0
0
1
0
0
0
0
13
14
19
21
24
25
31
36
37
39
42
50
56
64
65
71
80
82
86
90
91
92
26
27
27
28
29
30
0
0
1
0
0
0
0
1
9
13
14
19
21
24
25
31
32
36
37
39
42
50
31
32
32
33
34
34
35
36
36
1
1
0
0
1
1
1
1
0
33
36
37
39
42
49
34
35
36
37
37
37
37
37
1
1
0
1
1
13
19
24
25
33
36
37
38
39
42
43
50
56
35
36
37
38
39
40
41
1
1
0
1
0
56
64
65
67
68
71
77
78
79
80
82
40
41
42
43
44
45
45
46
1
0
0
1
1
1
1
1
24
25
26
